
--- Page 1 ---
MASTER OF TECHNOLOGY
YEAR Civil Engineering Electrical Engineering Mechanical Engineering CSE ECE PE Che E BE Total
Hyd
SE GE TE E Env E WRE SSE Total C&D PS IE PE&D IES Total TSE MT MD AE MSE Total CSE AI CS DSE TotaMl E&VDV&NE VD Com E Total CIME Che EBT&BC
2010 10 10 12 12 9 9 31
2011 3 3 7 7 7 7 17
2012 13 4 4 21 9 8 7 24 5 7 12 11 11 9 9 77
2013 7 8 9 3 27 10 6 4 20 6 7 13 11 11 10 10 81
2014 9 8 10 6 4 37 6 8 8 22 9 9 18 11 11 10 10 20 10 118
2015 14 14 12 9 11 5 6 71 15 17 16 6 54 14 14 6 5 39 15 15 12 13 25 10 7 221
2016 16 18 18 12 15 9 6 94 11 15 13 5 44 20 18 7 8 53 14 14 19 16 35 7 7 254
2017 18 6 13 5 5 4 3 54 10 6 8 2 26 15 13 4 7 39 9 9 10 12 22 6 0 156
2018 14 10 12 7 10 3 3 59 13 9 12 3 37 13 13 7 6 39 5 5 1 12 11 24 6 1 171
2019 14 12 9 8 16 4 7 70 8 5 8 2 23 11 14 6 4 35 12 12 10 8 18 8 2 168
2020 11 15 15 12 14 6 7 80 10 13 11 4 38 11 11 4 6 32 11 11 8 2 10 8 3 182
2021 15 12 14 3 9 3 2 58 8 3 9 2 22 7 5 3 5 20 12 7 19 8 5 13 3 5 3 143
2022 14 12 14 5 12 3 4 64 12 6 10 3 31 7 5 4 2 4 22 12 12 17 6 23 1 2 155
2023 12 9 12 7 9 3 4 56 6 4 7 2 19 1 4 0 2 2 9 6 7 13 13 7 20 3 4 124
2024 9 10 7 5 6 2 2 41 4 4 1 3 12 1 0 0 0 0 1 1 5 5 3 14 12 2 14 0 0 4 86
Total 179 138 149 82 111 42 44 745 19 122 104 114 32 391 136 120 41 40 6 343 130 19 5 3 157 29 42 80 92 243 58 29 13 1979