
--- Page 1 ---
NATIONAL INSTITUTE OF TECHNOLOGY AGARTALA
ALUMNI STATISTICS/B.Tech
EEE(2
Year CE EE ME CSE Y)/ECE CTE PE ChE EIE BE/BT&BC Total
1970 2 1 1 4
1971 4 6 9 19
1972 13 16 14 43
1973 9 13 9 31
1974 3 3 2 8
1975 2 2 5 9
1976 4 6 2 12
1977 9 8 13 30
1978 8 9 8 25
1979 20 11 21 52
1980 8 15 18 41
1981 18 13 20 51
1982 48 25 32 105
1883 32 30 29 91
1984 27 28 26 81
1985 50 29 28 107
1986 32 29 34 95
1987 37 20 31 88
1988 39 35 34 108
1989 37 35 38 110
1990 35 30 39 104
1991 43 35 39 117
1992 44 38 36 118
1993 41 38 39 118
1994 41 35 44 120
1995 41 19 39 99
1996 36 33 36 105
1997 35 33 38 106
1998 40 41 41 122
1999 41 38 34 113
2000 31 38 41 110
2001 44 30 37 111
2002 38 37 33 108
2003 34 36 34 35 139
2004 41 37 43 38 159
2005 30 33 38 36 137
2006 53 31 36 42 162
2007 42 44 43 38 167
2008 31 31 37 33 132
2009 48 49 43 48 24 27 17 256
2010 48 47 43 38 30 27 20 253
2011 42 52 58 74 63 35 50 374
2012 58 56 65 58 60 15 19 331
2013 102 59 54 41 51 8 14 20 349
2014 140 62 74 56 72 29 18 29 480
2015 163 97 88 66 77 38 30 31 590
2016 149 83 94 76 72 60 41 50 20 645
2017 175 74 93 82 70 55 40 46 15 650
2018 158 88 87 85 93 60 41 39 12 663
2019 157 81 94 88 76 43 42 39 19 639
2020 126 65 76 74 71 48 36 30 13 539
2021 153 68 83 91 89 57 47 44 14 646
2022 172 87 102 103 89 60 49 53 17 732
2023 93 103 108 133 116 81 55 61 33 783
2024 106 119 110 154 118 79 61 71 25 843
TOTAL 3033 2181 2373 1489 1171 104 724 474 513 168 12230